Class	SS1	SS2	SS3	Tr1	Tr2	Tr3	total_percent
2_Firmicutes;3_Bacilli	40.9083430044524	22.3105119898916	24.273109085208	1.48300777329429	9.18519012443181	1.83983802272185	7.65497451486524
2_Proteobacteria;3_Gammaproteobacteria	14.3260239049527	16.1541446532999	15.8794451055299	18.1267712784593	17.4056390731639	18.1079759845944	91.8709626698463
1_Bacteria	16.6666666666667	16.6666666666667	16.6666666666667	16.6666666666667	16.6666666666667	16.6666666666667	100
4_Lactobacillales;5_Enterococcaceae	40.3677662701436	20.6309307484892	36.416926959504	1.04320500199532	0.571152289379341	0.970018730488549	3.40596705931681
4_Lactobacillales;5_Streptococcaceae	41.4688208760073	23.8296348552358	13.1555674025324	1.89057452986779	17.1856025528193	2.46979978353735	4.16462479854296
4_Enterobacteriales;5_Enterobacteriaceae	14.309523698417	16.153424134535	15.850287812793	18.1368343674343	17.4050897405744	18.1448402462464	91.6471651882231
5_Enterococcaceae;6_Enterococcus	41.6891629772717	30.9608424218428	14.5532132730232	5.80964721785627	3.21019352826137	3.77694058174459	0.399376302100394
5_Enterococcaceae;6_Vagococcus	39.0088309684684	18.5567489666255	41.5444948247183	0.207459096839578	0.124555139503219	0.55791100384493	2.76602156736855
5_Streptococcaceae;6_Lactococcus	41.3229458717495	23.7375878861899	13.2374353842535	1.88251659923432	17.3421142009966	2.47740005757611	4.11588202151496
5_Enterobacteriaceae;6_Citrobacter	6.42855174193129	1.27872940223389	4.83463772572895	45.4700808548207	16.3416779274973	25.6463223477878	8.02893119668759
5_Enterobacteriaceae;6_Klebsiella	14.4111129526079	19.52808329817	17.131614584489	14.1412563166697	16.7491332902995	18.0387995577638	69.1515874159777
5_Enterobacteriaceae;6_Providencia	0.32719571321348	1.00740737643396	0.539611588373158	17.0666538436611	23.2362269421104	57.8229045362079	0.181082037238433
5_Enterobacteriaceae;6_Salmonella	36.7762560151749	6.84105912551161	31.7773234438942	5.60841517691708	10.471889124422	8.52505711408023	2.04247959223784
5_Enterobacteriaceae;6_Serratia	11.3153849829639	5.15434214175874	44.4145938098804	11.7418556463986	23.3534742829514	4.02034913604689	0.815786370366488
5_Enterobacteriaceae;6_Trabulsiella	5.05517596826714	25.4789236611844	40.0865061854696	3.18369422657549	25.7029897235244	0.492710234978912	1.24267875627301
3_Bacilli;4_Lactobacillales	40.912733023725	22.3137080183986	24.2699753812526	1.47641670861432	9.18869015382408	1.83847671418539	7.64947129810401
3_Gammaproteobacteria;4_Enterobacteriales	14.309523698417	16.153424134535	15.850287812793	18.1368343674343	17.4050897405744	18.1448402462464	91.6471651882231
1_Bacteria;2_Firmicutes	40.8941204181092	22.3010642143319	24.2628302136663	1.48492576351936	9.21800047916234	1.83905891121096	7.65864332603939
1_Bacteria;2_Proteobacteria	14.3295734841046	16.1493859234986	15.9113810159977	18.1171843050648	17.3959283502794	18.096546921055	91.9414562559782
6_Klebsiella;7_oxytoca	37.7913335561955	36.0445595193925	12.0662495069926	3.00519941209808	7.93877991982974	3.15387808549157	0.479303974108675
6_Salmonella;7_enterica	36.0288355890802	5.1767952577704	34.1998017951048	5.68549395572989	10.278176368085	8.63089703422972	1.82968854413711
6_Serratia;7_marcescens	0.596557963936854	0.22955165483969	4.67250535287016	26.0306240393659	60.8216119690844	7.64914901990305	0.372122276235276
6_Trabulsiella;7_farmeri	5.01591316964222	25.6779240719278	40.4860058208257	3.13224662556305	25.2344966022778	0.453413709763374	1.1789986766074
